43
0
2
2
80
0
7
0
0
1
9
0
0
1
5
0
0
0
-
1
16
1
3
0
0
0
-
1
16
1
1
0
0
0
-
2
272
1
8
0
0
0
-
1
2
1
5
0
0
0
-
3
644
0
-
5
662
0
-
3
146
1
6
0
0
0
-
2
528
1
3
0
0
0
-
3
26
0
-
2
10
0
-
2
18
0
-
2
768
0
-
3
530
1
6
0
0
1
7
0
0
1
5
0
0
1
2
0
0
0
-
1
2
1
4
0
0
1
6
0
0
0
-
2
640
1
3
0
0
0
-
2
130
0
-
2
514
1
8
0
0
1
5
0
0
0
-
2
10
0
-
3
42
0
-
2
258
1
4
0
0
0
-
5
738
1
2
0
0
0
-
2
514
0
-
3
704
0
-
3
642
1
7
0
0
1
9
0
0
0
-
1
2
0
-
1
64
1
8
0
0
0
-
2
34
1
2
0
0
1
3
0
0
0
-
2
18
1
5
0
0
1
6
0
0
1
7
0
0
1
1
0
0
0
-
2
20
0
-
2
272
0
-
3
536
0
-
3
532
0
-
2
528
1
9
0
0
0
-
2
6
1
3
0
0
0
-
2
132
0
-
4
180
0
-
3
176
1
8
0
0
0
-
3
148
1
6
0
0
0
-
2
18
1
8
0
0
0
-
3
22
1
3
0
0
0
-
4
212
1
9
0
0
1
5
0
0
0
-
3
148
0
-
3
146
